0 0.02450467946928307
185 0.0333897811307961
1063 0.03217898639185208
63 0.020480916061186877
286 0.02690749647211399
1340 0.02819252714833614
88 0.04067468105169887
277 0.027319443924554515
865 0.02643128021167626
644 0.035730214815694966
48 0.038083358717044866
635 0.026908869160176607
1369 0.03395634814866055
1103 0.03640884082480019
1379 0.03468585968413412
800 0.027792735411339118
927 0.04107492331246453
1318 0.031067782751045256
1341 0.03538938716911845
416 0.04402462274041387
675 0.013187599360987196
727 0.020370654725430985
537 0.027580317157876448
645 0.030765812965853446
678 0.026767775875718235
132 0.02688396690490626
1162 0.028222325107306878
1074 0.029951889948132505
946 0.03135527486512589
350 0.024079524337641333
1196 0.02430092560509473
1332 0.03195985932228985
838 0.031167795372094777
697 0.025069168364378527
689 0.020001462361357393
858 0.03714937121352381
987 0.013260513325955549
382 0.02620123834435594
730 0.033684749234097915
895 0.02276996867887034
1214 0.01982547871448372
586 0.027343031779546008
1152 0.026116008912756266
199 0.020131892012223214
408 0.016396107711632496
1241 0.039463628400857646
447 0.028461533014044298
1242 0.01899134317244032
876 0.016180225396418266
7 0.02615473032249994
973 0.02993519311305711
1108 0.028746829866198156
604 0.025343645821883698
450 0.017871907446518766
431 0.03053825860868254
374 0.03127112075014161
922 0.030087139115823967
294 0.012868052943976317
1382 0.03176021852124295
967 0.028492295235822147
716 0.03623328840509032
829 0.03774258366892122
1250 0.03337264414637746
1110 0.018089302006930742
634 0.02122486159368959
1301 0.031111436510032866
1245 0.03686513722836068
331 0.029558436327443052
1157 0.012750860353535553
341 0.035897662466759045
442 0.034059594768088154
812 0.025740176213532636
853 0.009820733150497859
236 0.025880646149637896
1204 0.032685239707855376
426 0.03139546332079346
295 0.035399267448898666
171 0.038975109760624994
260 0.03170306308729343
424 0.026102753458249184
507 0.027884228485142683
306 0.024385311746369234
1354 0.02804376639030139
939 0.023046608329198158
262 0.021523895434920257
362 0.04046716313056858
1390 0.034075569459500014
59 0.02773096888989657
440 0.03774208287834849
642 0.028848969312036992
373 0.0259158044464933
364 0.03472572618119321
687 0.031655393366687025
1156 0.029442128023230592
941 0.028835693177769163
1262 0.0346251032391317
1097 0.026642186340294957
1027 0.03321139144394315
1178 0.02975646001375973
1380 0.0243384740734205
888 0.03490152461766884
782 0.027135685179906752
630 0.016802835595781974
13 0.043657147774271675
1287 0.020347681389231126
943 0.02400204182038767
685 0.03539561133980446
1088 0.02559324155820664
905 0.020087947949361574
176 0.03380328078107331
802 0.02609052786567939
842 0.029740298768601296
1119 0.022711772798939954
441 0.03595094675714284
28 0.03504513457791232
785 0.031158845842205952
1033 0.03141510615382762
745 0.023561688836784757
560 0.03029175486918518
394 0.03478962489256057
767 0.019235264198158693
1226 0.019889927924545966
957 0.02248660544864339
1309 0.040237720419369356
372 0.03941548101328665
226 0.0290278971542168
1187 0.02631165316786596
93 0.039341303192487555
936 0.024426301752423097
99 0.03792471326813194
765 0.03307600672760286
451 0.039005639881282035
376 0.025597186079810437
212 0.036754859510333686
1149 0.016048877750224122
432 0.04075924203967793
1114 0.024625379513545088
317 0.031315537111386745
187 0.027775602985245205
192 0.04328690398726854
1019 0.030078352311078593
747 0.0229072399703544
6 0.03281972470086509
209 0.04078572120481306
1130 0.02245008583033425
546 0.022589474606014223
16 0.03245723239634797
677 0.024802728718510084
793 0.03657477736602526
1366 0.013327759798436648
167 0.03477841350594685
1191 0.02400936362629562
287 0.030138788260916646
709 0.03139325247736012
210 0.026792994720488284
1096 0.03239971021463994
781 0.03071978237828972
1359 0.029253011156274596
1038 0.040738366464736234
1050 0.03133769634624679
1161 0.028708793798696584
147 0.02687644934345081
1286 0.02036543094080952
49 0.026638803269743164
453 0.0278569965860542
107 0.021712419190537968
868 0.03926851218949551
622 0.03078128461639704
465 0.028381261151226255
886 0.015799639260342484
1319 0.03214548770049566
144 0.020787000692145726
131 0.038922257923228704
770 0.018842653974110814
1143 0.03847260902541349
561 0.02883704650388441
1217 0.03663289682783446
972 0.01807247647362969
37 0.017083695822226064
490 0.026008142209961276
819 0.03541345897396883
380 0.031733657519230185
1215 0.032640289097506985
631 0.011661655565034516
206 0.030575293736392756
81 0.035653751210777386
182 0.02503511270243475
1131 0.02033348946834511
794 0.01624438267803454
657 0.037867071341541554
945 0.03776826839170105
329 0.02200969073629207
346 0.024260706333022238
739 0.032429121602331204
114 0.023806316357085588
238 0.026049698485538383
32 0.03448271449093102
919 0.014357789435975479
551 0.035964976199338625
990 0.031234776867580447
149 0.03150358618235505
268 0.019898113343326525
1032 0.024134718181611697
1238 0.04209289061820483
1045 0.021484973823028268
1271 0.022659968974192753
282 0.032925072460272695
1237 0.022074393106742956
676 0.03833314886432514
109 0.04005028981437237
76 0.04020304195727296
1164 0.02084535135808632
983 0.016493467363338454
835 0.029682545857125944
243 0.041975714047614375
996 0.02902336512524319
1024 0.028978063539134687
108 0.02988759424735382
1072 0.011825893872887324
571 0.04097172353798766
1109 0.031084637111699558
598 0.03688966846788725
77 0.03331480975302652
276 0.03483761548865244
796 0.040135024416544575
1016 0.025212981122743828
503 0.03319290092284919
975 0.03965461010194842
608 0.014364344947630671
986 0.03531401997697489
274 0.024539854769786523
958 0.022231940736633902
1090 0.024411235432949804
488 0.02439839048519122
949 0.01940658067074464
890 0.027315869590059296
303 0.03512970471552348
580 0.021784934280310676
1175 0.010035843654544295
1273 0.031735309891495464
857 0.032768560654951095
19 0.026593316564817997
1361 0.032574239697716605
201 0.03708473195768555
162 0.03898189503054563
694 0.035068908824958146
188 0.032389503559678276
205 0.035890801183192454
1395 0.02251972583925123
1384 0.026459659074035444
98 0.03863877082284242
1254 0.023816929147606875
1093 0.02264026311688404
602 0.028785282994910195
379 0.02761524137795507
707 0.012037089732234094
418 0.027253950622000027
1212 0.026315091202119948
1223 0.03798674826946717
246 0.021990273416965894
178 0.03200462494120183
197 0.034724572484021374
712 0.020023714788070045
985 0.03393438477143224
1172 0.030095189678141503
498 0.03955556081862105
105 0.01927192792253009
811 0.023168897546775293
403 0.027004974699359405
1348 0.03064582973460805
1365 0.029062371151745876
1234 0.02965869893339551
203 0.02441385831245562
909 0.010775620466454366
1225 0.036079323021177986
600 0.02952182888245725
415 0.03487013324324972
1113 0.031172929928478504
318 0.024830055926229416
772 0.03754514056187088
1194 0.03967375921990068
579 0.029081514890941153
761 0.025446589391153896
1174 0.03262721143885555
698 0.030719316230069148
510 0.026823020256760748
1313 0.016020874891938094
1289 0.02923801443997141
1355 0.040128403345543025
1228 0.03334555241909237
1268 0.012961178193963724
92 0.022160082775298295
1030 0.02533700827191634
194 0.03362231705769932
483 0.03111255826684134
1312 0.04455387311264897
681 0.030637278857934873
396 0.016850228071194167
1261 0.026046505464580913
665 0.02409375414298617
38 0.027720324243649352
1371 0.03400319513717948
1306 0.02985749007466252
278 0.024150372333276517
234 0.026181950077270266
71 0.03588813445036756
502 0.022187378362850084
544 0.014866430016427502
1230 0.026288909431805892
444 0.014873350901298554
955 0.025586050799634455
651 0.017185811931177682
455 0.03361873183224527
438 0.028073488396835492
116 0.02318468368892854
1094 0.025900142366362018
267 0.02904586954163067
1337 0.025140940367497814
897 0.010447954204048891
400 0.0397565777488942
164 0.035946649225883545
960 0.02889496490821451
1089 0.011965022671841243
1240 0.028242292801666836
673 0.019505180432054316
1190 0.02626148269267476
633 0.027521287190664993
1200 0.03766378566676373
66 0.01901077785363763
1378 0.024563718283294574
780 0.02932495593554406
1012 0.026093056222819794
752 0.03672177807747222
937 0.016014279779852265
1112 0.025459864170595967
521 0.03684042517140869
963 0.023885128180248877
1334 0.035208456832151444
893 0.03722161052139209
1330 0.022212541255426977
764 0.027711611578280868
1260 0.03711432004991266
1358 0.013765136674710242
1116 0.029723644675469427
1219 0.03141522579699565
172 0.033793998065573996
900 0.019265699488663565
1076 0.022436683440659626
824 0.034737284794017206
326 0.017328921193800705
659 0.036240575299126644
405 0.03325256489605295
159 0.03588435877219532
281 0.030767717919136822
918 0.03280675105829108
648 0.03551286655106609
702 0.023091174262397453
653 0.017244221217858846
1057 0.0257496574677999
839 0.023603670982476635
1267 0.03835866551020129
674 0.03695305548757386
255 0.015630050371967623
169 0.03319247436414034
301 0.023265818886813654
1208 0.035674614744925885
161 0.032894977874690534
552 0.02992726241227233
1007 0.019342321771542662
170 0.02996486313298241
666 0.03638052637135118
296 0.02798762548959755
1335 0.030468078855622433
906 0.027355352055181647
926 0.04321691964523137
1159 0.01933502009775758
1257 0.026230215463643486
1203 0.033176726411314784
1135 0.03250257562502538
818 0.021839913808955454
933 0.03250703692467334
947 0.031864283644208825
1232 0.023808768035202096
670 0.01757476334502942
915 0.030995872873983032
917 0.023464030523298908
1002 0.02894295913028316
10 0.02270606694202975
1206 0.03184908891875146
1346 0.031061282646860307
1070 0.025790140717851615
1198 0.03311524543221228
328 0.04450903801676813
720 0.043461467967001996
180 0.014987688006267994
647 0.019611346243955035
261 0.04052619586156552
1331 0.018146766046567876
422 0.036333576074579384
1133 0.038507295026315475
1327 0.028438639224863227
124 0.03036342086401564
436 0.015972407044063653
832 0.022479107669149442
283 0.02208987824482002
138 0.02280475826233936
1302 0.030987979141916075
821 0.03617806984413629
791 0.04171982027963153
123 0.03556449915196404
844 0.03482030801821931
541 0.03437467882834971
1165 0.029315699698604997
361 0.022570368394427758
828 0.029038658975926578
235 0.03336333433469423
186 0.03575502142260562
699 0.0222724037157806
271 0.04065512655643536
1056 0.03152230823262225
1126 0.02935529427726297
953 0.018360460924615008
814 0.03115467526928055
117 0.02733874042966021
1239 0.03169141130664674
976 0.026574870116655044
51 0.028893747587391133
1183 0.028913891764894225
701 0.026415509964534244
359 0.02464749603510439
25 0.01779240112207351
265 0.03669489606468326
1373 0.02939252757147214
293 0.03547100781104589
740 0.0252143540868015
128 0.03452443555077636
44 0.02468163995220462
200 0.031178226188350047
956 0.030717682485599754
848 0.027157903473109982
961 0.04096395765952865
827 0.03662544624880529
1049 0.01582166306915078
605 0.03141646464454456
1199 0.027621135269616046
637 0.028512773922106344
873 0.03885365033462724
820 0.021179951003179553
29 0.026735341377770123
695 0.03543937150315063
1205 0.02278308653534789
347 0.019680494944538406
1383 0.02780596177260364
1163 0.03053891152315703
815 0.02360733805047037
190 0.032426817165778124
343 0.04043885952178142
365 0.030533215472920577
980 0.023453246658440455
1091 0.034012419278075204
1124 0.02847064558590967
231 0.03042316527093599
925 0.029191032177633164
979 0.031001064875183754
493 0.02548930354885419
1026 0.02859082162843583
505 0.024620671406261896
601 0.02109398462287031
1150 0.021512552979339024
704 0.0311095527958684
198 0.03820914640984149
1325 0.02665792703695118
461 0.02562334002800831
344 0.02417971609198133
732 0.030165548480221065
1264 0.028615649508682464
1333 0.020883386963800935
1364 0.030619136297465235
233 0.03411256401550895
368 0.030793262951057446
899 0.023390722206314454
215 0.03727035463799853
567 0.01808885016848562
1117 0.014982787618482199
871 0.031512071622974105
1270 0.038433240720766294
27 0.026452457438888716
664 0.01604460265045573
1307 0.017808921641798068
1398 0.02197452266989239
454 0.03382738215688651
1336 0.03200193192110032
639 0.03952267422586526
1258 0.025976286818755308
264 0.02138154696792762
221 0.030649333359993078
1184 0.02713443518467204
413 0.03223442402234581
420 0.0274231079060199
17 0.01596108243116013
810 0.0359542083067459
224 0.03881007745330611
153 0.022099517293199842
535 0.03319396394335418
968 0.020889076979997312
57 0.031194239045550683
703 0.03746351462663474
1017 0.02532744096419054
938 0.024367069745441436
464 0.02556998885797818
668 0.01809027215117813
1058 0.03685929465275548
120 0.026681158457847364
139 0.04099815025618548
492 0.028490288461973805
452 0.03499049089992184
1344 0.020179391742542657
314 0.039846343139038065
1086 0.022434237353233605
41 0.03907133064126755
617 0.023873428993726797
1065 0.038655667443304176
1168 0.023683454898710505
684 0.03614888925488554
901 0.03726178156849489
204 0.03236316445039073
1023 0.029137090757034103
173 0.0333505461876472
229 0.034100454524798776
1036 0.024861624968584253
1338 0.03407916290632825
1182 0.03229477931936169
367 0.025496171052460256
555 0.024420250131640262
1363 0.03325589364375799
168 0.02895996072785182
599 0.033645440464907896
288 0.03218271998709424
529 0.029062228232054357
1372 0.03461463388436971
1209 0.026078964194254095
916 0.0416109763531848
211 0.039660320638972194
1005 0.019704477653056825
1280 0.034701113415432236
1018 0.03294766051854825
992 0.02310314277723797
1166 0.03414143936965575
1279 0.0354526999258092
1284 0.016714328469613154
902 0.03127861240931912
710 0.022296344871467724
369 0.032568235093649166
625 0.02545072476797418
1249 0.037265517627475535
463 0.029553375373653136
1288 0.03744698880902449
1303 0.022615331883317057
1362 0.03411455465675243
327 0.03966202712002538
284 0.012266775410213971
652 0.027908482920772554
183 0.03443088705502303
338 0.012957575561588892
366 0.028314701407981372
208 0.03532714385707242
60 0.01913709276268099
623 0.03394985385611432
784 0.0233864518183251
995 0.034136696518101715
688 0.03247549865463159
34 0.02584515990957951
591 0.023983612367596028
1139 0.018194438739168227
355 0.020557593177901658
184 0.03579164311517729
743 0.025870747541371128
349 0.012169292377042507
1229 0.02663644280610921
352 0.02445702724917294
813 0.0306048641756107
1351 0.03168534087576063
882 0.024329277055963043
1352 0.018747860205455553
1201 0.036912161730802626
67 0.019649549096045257
797 0.046637903956744144
1048 0.019124638992980857
232 0.026399546686039832
904 0.018702814406214432
805 0.0264135568650725
562 0.039696698867784444
574 0.034086675035360496
519 0.0329774877644832
932 0.036330520028946926
512 0.019564971257624582
497 0.02682708812559056
554 0.02635299782776907
36 0.028741669625083576
672 0.037226724396505394
129 0.02373024390040227
1083 0.007643275836781451
547 0.03578630850761394
1394 0.010986617322075377
1071 0.04111526803035261
62 0.02541391499927685
1118 0.0382791568321796
269 0.0332123779618095
82 0.03927197178773633
387 0.024787358682506293
1224 0.036636784202475826
762 0.021700373372650128
1328 0.027195298187140175
113 0.02498839908885525
988 0.029022524725729373
750 0.014964526130716391
1387 0.022139361019827646
86 0.026562418557439602
391 0.022248440030662807
834 0.01208204008755475
1098 0.013638483943496009
175 0.02141398627309879
693 0.017618375309290484
991 0.03516584890161328
1060 0.03747475212015648
655 0.032835603108211826
279 0.027841132276800257
134 0.023915016340280922
569 0.015295353416136184
485 0.03778863876227714
1180 0.029231382740767767
4 0.01652821055560785
696 0.027974011270116436
1195 0.021814418268080213
91 0.032898276073228164
588 0.03366351065884282
1321 0.03217165260919338
1188 0.017295567451484684
989 0.026297295572019968
1136 0.036412509429346644
1381 0.03389990811715379
974 0.03230422984354383
929 0.02695806343598463
35 0.030221823312662148
1235 0.01967003214757932
479 0.019934562872940837
402 0.021107469366804903
218 0.035455085411963655
75 0.02895589614908863
43 0.04026849470830632
855 0.03374172592511983
795 0.03281772475231872
151 0.03420811946296429
658 0.02391039010699975
691 0.025508631309961022
517 0.029346826398698084
1299 0.03332142533017316
660 0.0262516334100533
965 0.03342936241876533
719 0.03157714976091912
845 0.029403200655928007
289 0.024433943115382252
1186 0.02520604471686944
11 0.02723783043427342
87 0.023730089586402044
1345 0.02492315383588837
573 0.03395977426894747
340 0.033766650212013326
912 0.027747721677157514
1397 0.027197233366856276
219 0.028879839088627703
40 0.017346616209216154
241 0.0065882463086828925
42 0.02582552650254837
744 0.007083844420606752
61 0.03683767531216853
509 0.017938620183069368
717 0.023957892369359073
878 0.015864488746333984
1153 0.037953426719176536
1144 0.02489419017031574
1197 0.03084472674363651
984 0.021560434796805878
118 0.01772281679219769
1227 0.022322865207947604
1039 0.044152874651960716
305 0.02014955241761181
910 0.024163743029213165
913 0.02849731655660017
96 0.03619200403023749
735 0.016805094078241874
1003 0.024159618167266056
798 0.03684216096497858
1374 0.03884873313025774
150 0.03626078223678339
1322 0.01708400662717132
1231 0.018887249252745302
612 0.023874383199673565
122 0.031823920251759806
1276 0.03295183649466591
1154 0.023719746311776205
474 0.017014226047406135
126 0.02859682334583026
336 0.028375751520344494
609 0.02927631939124905
244 0.025486366529101696
24 0.04159193223186185
435 0.01453372797864672
646 0.01830116303486345
140 0.020226164303326535
165 0.031997050877179155
302 0.019193909850961834
1392 0.024432131184226862
1300 0.028699333390619416
45 0.0199474397653585
1001 0.03036565064272805
409 0.02529055709041037
654 0.014998448460120823
1220 0.02295461308820502
275 0.028154343099010853
872 0.03182012898877424
578 0.03319706646431777
106 0.018765565923019922
527 0.02515276587582768
1142 0.01862560967125954
220 0.027545510356899477
458 0.03419449642651717
52 0.026765573860491044
266 0.02778191424409641
181 0.024353559720885643
456 0.02343250334464519
619 0.029502098656676738
825 0.03861711447385966
476 0.020789794099166085
692 0.0222528697792618
406 0.01691099368695851
1218 0.026684859621341542
179 0.00924928192585874
638 0.016647154297370556
640 0.026497393799548557
1295 0.03282159998799347
335 0.017564817248748033
711 0.031964784692856865
566 0.02719270266197709
682 0.03113574903069998
1370 0.027381313019838555
434 0.027878678776390123
78 0.022072495153382943
297 0.009535959634523602
1324 0.03301947711767185
1342 0.032013750804313484
257 0.013322870853355366
1252 0.013905685626699941
1169 0.01907982776712794
1054 0.031216869477168566
572 0.027825543412694866
1294 0.026677657438314427
133 0.03045786242412836
230 0.025915374221911182
661 0.037197712316147276
486 0.016677410959344562
1160 0.019706016870475577
437 0.01908910755170464
954 0.022756700426970432
1389 0.023272626650836344
316 0.03578119011518176
473 0.02556383567275851
718 0.02928359683190376
1256 0.02577216823783779
564 0.027927974412530813
742 0.026652439464124954
1179 0.03112483309883215
1283 0.02694656070825819
627 0.032177531382547454
299 0.03078943840065731
1360 0.034381708917329064
803 0.030528581736638388
746 0.028261911503100087
101 0.02488266586762547
39 0.027992600019962646
1134 0.02672100183191862
723 0.025246150691394537
959 0.024929655898993163
207 0.021730706775318145
155 0.029514099217837313
481 0.01397983880548607
920 0.03114466665300691
351 0.030797443824446318
137 0.0327396597423614
1173 0.012170394294154575
1243 0.039606289050380473
53 0.036055644986571184
433 0.031146754781444616
225 0.016314189075974015
462 0.023767506807275
130 0.03532106015819449
240 0.015074288615464499
553 0.03428205758063034
534 0.018357034203118874
549 0.025159165609844207
217 0.036350987576786786
312 0.013894567073981273
620 0.019727907468028466
823 0.035024684634704845
111 0.02568226943380031
708 0.026878176241102576
729 0.03335448617966959
944 0.01825957162009627
610 0.028342943020078625
826 0.038794327503353467
1051 0.02511832327553654
239 0.026296730039453462
1281 0.021005468037835522
356 0.02824374077102879
754 0.023687860361347075
775 0.011153474026045943
177 0.015944964101984455
514 0.02768374929380579
528 0.03396658301576373
737 0.025170630852630528
898 0.027605206274825492
156 0.03492212974443985
1015 0.01827430922601108
1244 0.029199967663199367
1388 0.022749858594154633
50 0.030473097606027035
90 0.027583899788785383
621 0.034665950013354825
1259 0.024492146185055345
119 0.025065136898221485
242 0.013328307366672662
125 0.023097492268098888
1221 0.026214531842903805
69 0.03189689896063118
370 0.02829871476597088
1014 0.03342477264786222
1102 0.01845796065258909
348 0.03910011207874105
763 0.02338536284232913
95 0.031123858001995006
1047 0.018351628985606494
1040 0.023857371539055254
582 0.025261500727154794
1385 0.02904563771229197
584 0.030693801060159787
320 0.021749538346595227
518 0.022240506056008646
1272 0.024883790432153795
773 0.015296917149923617
102 0.02091258207764862
84 0.03653619126366041
146 0.024655532930038776
1064 0.02713440423625657
1350 0.0309635933469678
1320 0.033954808508935445
83 0.02424881907124468
47 0.02069030117343902
1285 0.02409204941229621
1317 0.015896767760872243
1211 0.03039818747892006
363 0.04046110629228421
496 0.03219607001865431
809 0.03334270719624811
891 0.02196082486566396
259 0.02213386950311846
713 0.024774501151940492
840 0.014330591072116657
251 0.036762189067365676
1207 0.017538949200088926
613 0.035161236128881786
1077 0.024085831718535334
1171 0.03140007729254857
526 0.014817170406424825
22 0.019353579001159752
475 0.03388757743102794
1210 0.023670986498000993
575 0.04223469149801852
384 0.011416030978350575
1034 0.032230175788392254
843 0.032728888193348425
1310 0.022527266742743756
160 0.018028645476077184
1176 0.021458926890296767
1202 0.03458970637994485
1075 0.015968442233204164
1167 0.014107868038379668
751 0.017292539903279308
540 0.03357457512288983
807 0.028624015026957886
1282 0.016127375483774537
585 0.022313973313384926
1311 0.02294794135487991
401 0.020254387755909608
1128 0.024176605315335675
531 0.013066739934260047
792 0.026361725848394597
911 0.026481912238210063
449 0.018912085707805525
877 0.01941333413035425
310 0.03296128868057812
1122 0.020373272780769183
325 0.008403836738293395
940 0.018407188605769283
1189 0.02511035785288378
46 0.03011370532739275
1323 0.02465431059447499
771 0.016222984216933734
1107 0.031792148701249745
23 0.032302963418027436
1006 0.030015723482283554
1293 0.034958524062874856
700 0.034297409179792876
589 0.013566997246738344
100 0.037210417250625495
304 0.02484303959156644
468 0.023942263881606484
1146 0.03814533995289814
487 0.027068076223078313
1193 0.027673371103954902
1266 0.02265299211434404
223 0.014660982548525636
1052 0.035196600336211095
1127 0.016979108975766356
1140 0.022666728048169528
721 0.031099756325997895
679 0.02902953331418654
193 0.016440531699737262
624 0.03834333867183594
489 0.023867790876772512
104 0.022672126337927385
337 0.028361755114821623
480 0.02025288425516896
1147 0.01757591807086239
1292 0.018712569551784415
157 0.02773267133714138
466 0.03137433237030271
662 0.024469751012878717
928 0.031040036183361187
847 0.01938552809462877
457 0.03315795269923566
597 0.011811979862168804
705 0.018610709354362428
757 0.025614741855514368
377 0.0183722831644023
516 0.021551345165617894
1080 0.014814925963018734
981 0.025559059972357526
1329 0.03404578177117678
127 0.02998369393060928
1087 0.025680202967194286
869 0.02905179841787993
875 0.02982550199544315
245 0.03152466292959427
998 0.028155256330384165
728 0.03219306002435218
1375 0.016537937198743066
1296 0.029037475681753928
556 0.02739979994199098
74 0.022496252509787127
977 0.013743630181281972
880 0.02619309017587125
1041 0.02417214349245092
1297 0.02450596629938865
15 0.02677293362415719
31 0.03175849657048718
680 0.023796590549986507
228 0.033910699245711724
982 0.02648936468537328
354 0.01673648407466906
398 0.011552346580590435
1120 0.021504288454990545
859 0.023226354796672188
89 0.017256595756491796
448 0.01692230772769539
808 0.0209895635180542
856 0.03136098384063422
1181 0.024025977482551468
1138 0.013953974844295185
1290 0.027840282337878965
334 0.01830054157856666
908 0.02002364035941502
249 0.006733084727905288
997 0.022612024044805955
768 0.023557240227706246
315 0.018584433192677066
1043 0.02883853443169909
189 0.024203620611108114
593 0.017243312038140633
1347 0.020008564630866605
759 0.02867783492703806
1121 0.03282955136872817
966 0.01745434631359883
97 0.008833538701325106
21 0.01849333092488031
530 0.026717167640176946
80 0.022431998783107615
862 0.02472364486445691
65 0.024480917380397278
592 0.026558929413374645
1092 0.023705099037407286
1185 0.027330185627185317
56 0.02920183160618129
769 0.02006960127265283
1000 0.023728053358722783
978 0.02675993999343546
758 0.02814939446236929
1105 0.023930102241460176
748 0.020911965996166397
1145 0.012002998409520777
801 0.02395214184547363
970 0.017883146498491893
649 0.01587115957470995
467 0.0269131914690952
511 0.013820657164936348
636 0.020919082191263833
478 0.024087124930837655
145 0.03688491826711225
163 0.03428894680628556
714 0.01952197021716969
864 0.022008136006353304
1263 0.03156871068449176
1343 0.02715531369212573
731 0.02264317066770197
1053 0.027916009341177668
999 0.03622522312359324
1079 0.024080292675411143
26 0.023852862210708196
1376 0.01911605439252902
1291 0.033494599543737576
499 0.02455588211116094
1106 0.024384362486383426
1305 0.006146116336210219
1248 0.00945038968146869
1326 0.026148847998663113
615 0.026524071799661902
881 0.014040152203494761
726 0.032248163527091714
706 0.03526406644343239
520 0.030214121272026773
18 0.02249217153451879
756 0.035083576117970534
72 0.036161374690622416
786 0.021114958621627357
1151 0.010833749872892186
715 0.017981138511113017
650 0.02337661927907818
324 0.03133972155172929
836 0.03224458774572864
724 0.02513257328041061
1028 0.012250611453275188
892 0.03085935788211404
1132 0.014680133605574153
766 0.035925310272688867
103 0.021211945058211914
471 0.019668249732214704
513 0.022294479688649938
1233 0.015349124870647135
787 0.034299591595147214
776 0.03256555652457405
428 0.012076135307580779
273 0.03357406500726849
411 0.023456323130010802
760 0.01786551857041779
333 0.026807715383367754
166 0.025389537017478803
58 0.02959807947383678
656 0.022972037356780578
1308 0.03207921494978144
307 0.019716019966234576
1046 0.042944651354893504
671 0.013343231792805768
618 0.0148417973365573
419 0.02656214563413121
254 0.0239009099260458
285 0.012808552970163397
85 0.025770902047097175
557 0.024204257666728676
1213 0.03225164260780451
68 0.021165388421283904
950 0.02018981246241906
1265 0.010712236078316468
158 0.02441971290756053
494 0.02036693375228451
948 0.019588103610702477
1177 0.026750927296339707
33 0.03241440696464906
545 0.02112328469958127
389 0.023326777168559288
1367 0.01773045228573468
407 0.011548543355913042
806 0.01832750846435777
152 0.011817245907151747
851 0.03321879031355665
1004 0.032051939781981176
443 0.02850754935358434
482 0.010164349477788605
1251 0.03351283095983089
1274 0.018045557978233106
1298 0.013206259073868194
256 0.02661463084843718
626 0.030012186374665652
5 0.017559458704722003
548 0.012944289944762053
54 0.02081854061395947
722 0.025985563706501062
683 0.018056338576200478
616 0.024114519736071316
1386 0.03043674792860698
73 0.012117649189226462
386 0.014095561340445708
213 0.027637057567947175
524 0.020567412369407012
1062 0.01634899815082943
417 0.019868234386578122
148 0.037524713519863986
1277 0.031489135995284544
558 0.015356348978172856
298 0.022507876087592967
1082 0.012065109273542245
907 0.030698236150672752
291 0.03345519026831654
1247 0.04168655018291163
1081 0.03509936413121085
1368 0.019398089289139612
55 0.029532837289722082
565 0.020054701806043823
358 0.020092084173320018
538 0.018596061093129675
789 0.03138735275508135
427 0.02827658712205131
846 0.020742832669928442
594 0.029655593978347605
446 0.012866866074077657
280 0.01526808613263281
606 0.01415426054472961
725 0.02928917543200224
1029 0.010909645391865636
64 0.021850795751733442
70 0.01895895966205646
576 0.01839845211024626
112 0.021496907656470523
833 0.01757439079150282
738 0.03547004766687553
227 0.019140130199519934
753 0.02853016405452737
311 0.012201916199091072
385 0.02133544394868426
412 0.015416543096214968
879 0.016174628430245825
1353 0.027627922503996705
216 0.028633418737612076
270 0.009917081751497222
749 0.02067571872356247
14 0.02454193563890669
1137 0.019423145100525164
136 0.010405404045443113
942 0.022322082197927664
292 0.025390309776584533
935 0.028941652999194486
523 0.013471359461579296
1269 0.02670828987915765
923 0.02811505203955421
934 0.01819078298927017
841 0.01738350461930477
332 0.00949389069760976
1316 0.013121408893309986
951 0.02302231347583386
252 0.028617826355877056
445 0.0254545502180221
1009 0.018964013326340862
536 0.011057936857076081
272 0.015711182037170198
1253 0.025471786691246955
214 0.012744732122329062
1111 0.022876884062845024
195 0.027643013065561304
669 0.00982935674744256
501 0.011659078109584522
887 0.02208117179307618
1129 0.021625588256182857
1044 0.008895870304770221
733 0.031235738681952147
779 0.018222780065982727
870 0.012785713993160324
522 0.023424737600740368
777 0.01969806742575312
863 0.016122452995952868
191 0.02558511550789289
921 0.023198704203455937
313 0.028431315128789176
1035 0.0263447524526032
1125 0.021892666512581142
866 0.02723878841879141
1069 0.019545709152269282
371 0.02031802153236431
962 0.011261001438539597
931 0.0191153771528097
525 0.024337946676229332
399 0.021106128160673577
969 0.025363770809718255
1013 0.01125645581584875
1393 0.020527846673843712
971 0.018087974904842284
596 0.018936324424063077
79 0.03246337179855572
641 0.016167890271321855
543 0.027127727063463294
1101 0.010637633602203652
590 0.019552685834091494
8 0.03360236051129631
1104 0.02164032299689835
515 0.01976637880971881
1391 0.03883654636099816
300 0.02078346833782466
375 0.008861072436003304
1011 0.029561550517105743
1158 0.025273501502442394
1399 0.02595406660510146
783 0.024962398310351405
353 0.019645370268162075
568 0.03552690385393947
930 0.016162367031670444
1010 0.014459390897293577
539 0.0319824917354593
439 0.02395163418518954
587 0.032282561024296705
12 0.020928504899016244
861 0.02019073251932746
414 0.023259491832353093
1055 0.03631577309839671
799 0.025645351907995956
395 0.016619031202072074
1278 0.029741315455493134
1008 0.025320355017479212
506 0.008466242198073853
290 0.017433112605744986
1031 0.030351285979585453
563 0.03502369875674812
542 0.01571099933494959
1 0.024654755656598377
577 0.009128931075634478
1067 0.029039108591755607
1246 0.021822995622835153
774 0.01408363399499937
1078 0.022697231331278794
867 0.019488595859023128
1304 0.01339784449538515
425 0.02529584170836972
559 0.02961682371108929
430 0.024503889844220084
1315 0.03205723390216378
736 0.021789645287663268
196 0.02941024625089997
495 0.018980594175846608
308 0.027882027551730727
1222 0.02139321379123571
607 0.024096468686864183
1115 0.018798831856848157
804 0.026427077605447585
1100 0.020399017918826402
1073 0.022176818687616374
253 0.012704930453436042
1123 0.013979840979325066
477 0.018157334918946104
595 0.02186531181856112
504 0.016889734811842
860 0.013927594846525672
850 0.02976883383295248
460 0.01997809048091707
1314 0.019710337884337695
410 0.014587593545144242
1068 0.014175636229805414
1377 0.020719170605454813
1216 0.017705363392713933
952 0.014674705116257099
1022 0.012325259871676894
143 0.02223018014830287
250 0.017268614677977443
258 0.01946209135339887
903 0.025865832194581335
629 0.02549047684553686
993 0.023382583405862793
339 0.016090863304844244
390 0.025778188372089873
202 0.00655302584187989
1349 0.017181816647092507
1042 0.029685328076076673
852 0.011195605513955861
755 0.025083460354704688
491 0.011779760224456984
667 0.01537046545593172
500 0.005540058859411667
247 0.024156710948518467
383 0.014284339600865004
1275 0.009273017952727485
533 0.019021036054557242
508 0.02252221318235536
345 0.031100539098549613
570 0.026127882149097524
135 0.026461492995363104
778 0.029153887337742396
964 0.019708506296875428
1170 0.01666460002045579
1037 0.019535695691188258
1148 0.02270853331393369
154 0.025706270851977974
1155 0.027887953373839904
837 0.01759644001786357
894 0.020791354341913537
1339 0.021357867366564146
603 0.021065393693099718
378 0.026421506158706497
141 0.02527619343282584
121 0.03499321512752316
115 0.029576455342956845
421 0.026879338701658276
896 0.02243730479471784
611 0.018228518322539803
830 0.018950669113613254
643 0.03231486904668779
322 0.01442891555391096
1021 0.015538845312040396
1061 0.016934236056616044
690 0.018913639213085434
309 0.023126301280415124
237 0.013023460893625691
1085 0.014660997326194842
142 0.008491349058755225
469 0.016982275689140562
790 0.014715447559178595
924 0.018743186323656277
330 0.018450594039655974
883 0.01710137765265391
741 0.02127640168787692
628 0.020880413496799886
663 0.013198435988724588
472 0.021557942722704483
459 0.019074321665454103
1141 0.00802852541495382
319 0.007383446849450631
1095 0.01173440068257314
1192 0.01788786990970998
1020 0.01485861936056888
429 0.007339156179197468
423 0.01873221855172564
1066 0.014899017592110387
321 0.010650758476286668
357 0.01727551113852251
263 0.011226622649142867
581 0.013500619957098855
889 0.025469971413894083
632 0.020767266057666912
3 0.00544397336019349
1236 0.015157497364779185
248 0.022939618889934607
583 0.027457536835356785
1396 0.011097203103821165
874 0.011660935540440885
817 0.026167549536004982
110 0.011577295245029574
854 0.011186332485754841
849 0.014748908892755342
831 0.010147801508027394
393 0.011244086289140729
174 0.010520659531641868
914 0.021903543389154345
884 0.017937738779755165
822 0.011319099863708012
1059 0.01758019838711279
734 0.009965801343339726
550 0.011056996400545827
222 0.00973590775156744
94 0.013379269094547262
816 0.015732758387891753
323 0.009573982814904486
342 0.015880707608833915
360 0.005687805284799081
788 0.010420399622789692
1099 0.02189427409323387
1255 0.008111009364627277
1357 0.011164573585871465
404 0.004859657847322009
532 0.012476598864117868
1356 0.012993435153425967
614 0.012326138018798428
388 0.007139126717601112
392 0.007404375168179765
397 0.008600435559392997
20 0.010667407806464987
686 0.01793404861956376
9 0.00822501162897911
1025 0.015237392998553022
30 0.012119678148255616
885 0.012789486798044746
1084 0.008640983358506497
484 0.013098730478043271
381 0.0034407363049405054
