151801 0 doc1 1
151801 0 doc2 1
151801 0 doc3 1
151801 0 doc4 1
151801 0 doc5 1
151801 0 doc6 1
151801 0 doc7 1
151801 0 doc8 1
151801 0 doc9 1
151801 0 doc10 1
151801 0 doc11 0
151801 0 doc12 0
151801 0 doc13 0
151801 0 doc14 0
151801 0 doc15 0
151801 0 doc16 0
151801 0 doc17 0
151801 0 doc18 0
151801 0 doc19 0
151801 0 doc20 0
151801 0 doc21 0
151801 0 doc22 0
151801 0 doc23 0
151801 0 doc24 0
151801 0 doc25 0
151801 0 doc26 0
151801 0 doc27 0
151801 0 doc28 0
151801 0 doc29 0
151801 0 doc30 0
151801 0 doc31 0
151801 0 doc32 0
151801 0 doc33 0
151801 0 doc34 0
151801 0 doc35 0
151801 0 doc36 0
151801 0 doc37 0
151801 0 doc38 0
151801 0 doc39 0
151801 0 doc40 0
151801 0 doc41 0
151801 0 doc42 0
151801 0 doc43 0
151801 0 doc44 0
151801 0 doc45 0
151801 0 doc46 0
151801 0 doc47 0
151801 0 doc48 0
151801 0 doc49 0
151801 0 doc50 0
151802 0 doc1 1
151802 0 doc2 1
151802 0 doc3 1
151802 0 doc4 1
151802 0 doc5 1
151802 0 doc6 1
151802 0 doc7 1
151802 0 doc8 1
151802 0 doc9 1
151802 0 doc10 1
151802 0 doc11 0
151802 0 doc12 0
151802 0 doc13 0
151802 0 doc14 0
151802 0 doc15 0
151802 0 doc16 0
151802 0 doc17 0
151802 0 doc18 0
151802 0 doc19 0
151802 0 doc20 0
151802 0 doc21 0
151802 0 doc22 0
151802 0 doc23 0
151802 0 doc24 0
151802 0 doc25 0
151802 0 doc26 0
151802 0 doc27 0
151802 0 doc28 0
151802 0 doc29 0
151802 0 doc30 0
151802 0 doc31 0
151802 0 doc32 0
151802 0 doc33 0
151802 0 doc34 0
151802 0 doc35 0
151802 0 doc36 0
151802 0 doc37 0
151802 0 doc38 0
151802 0 doc39 0
151802 0 doc40 0
151802 0 doc41 0
151802 0 doc42 0
151802 0 doc43 0
151802 0 doc44 0
151802 0 doc45 0
151802 0 doc46 0
151802 0 doc47 0
151802 0 doc48 0
151802 0 doc49 0
151802 0 doc50 0
151803 0 doc1 1
151803 0 doc2 1
151803 0 doc3 1
151803 0 doc4 1
151803 0 doc5 1
151803 0 doc6 1
151803 0 doc7 1
151803 0 doc8 1
151803 0 doc9 1
151803 0 doc10 1
151803 0 doc11 0
151803 0 doc12 0
151803 0 doc13 0
151803 0 doc14 0
151803 0 doc15 0
151803 0 doc16 0
151803 0 doc17 0
151803 0 doc18 0
151803 0 doc19 0
151803 0 doc20 0
151803 0 doc21 0
151803 0 doc22 0
151803 0 doc23 0
151803 0 doc24 0
151803 0 doc25 0
151803 0 doc26 0
151803 0 doc27 0
151803 0 doc28 0
151803 0 doc29 0
151803 0 doc30 0
151803 0 doc31 0
151803 0 doc32 0
151803 0 doc33 0
151803 0 doc34 0
151803 0 doc35 0
151803 0 doc36 0
151803 0 doc37 0
151803 0 doc38 0
151803 0 doc39 0
151803 0 doc40 0
151803 0 doc41 0
151803 0 doc42 0
151803 0 doc43 0
151803 0 doc44 0
151803 0 doc45 0
151803 0 doc46 0
151803 0 doc47 0
151803 0 doc48 0
151803 0 doc49 0
151803 0 doc50 0
