Cluster 1:
1, 14, 26, 39, 42, 52, 78, 194, 199, 200, 204, 205, 210, 211, 222, 227, 247, 250, 251, 284, 287, 288, 311, 362, 363, 416, 420, 440, 442, 443, 453, 464, 465, 484, 503, 513, 514, 521, 526, 544, 545, 600, 601, 612, 631, 632, 633, 637, 638, 643, 652, 673, 674, 675, 676, 677, 678, 679, 680, 682, 683, 698, 699, 700, 701, 702, 703, 704, 712, 748, 749, 779, 780, 781, 782, 783, 792, 793, 794, 797, 860, 877, 895, 900, 901, 902, 916, 917, 918, 919, 1064, 1089, 1090, 1091, 1092, 1094, 1095, 1115, 1144, 1162, 1163, 1164, 1165, 1166, 1167, 1168, 1169, 1170, 1229, 1233, 1246, 1267, 1271, 1272, 1277, 1280, 1289, 1320, 1329, 1331, 1332, 1333, 1334, 1337, 1339, 1340, 1341, 1342, 1343

Cluster 0:
2, 3, 4, 9, 16, 17, 21, 22, 23, 24, 50, 54, 55, 59, 62, 63, 71, 72, 73, 74, 89, 94, 105, 111, 125, 133, 134, 135, 145, 148, 150, 155, 165, 180, 192, 207, 254, 255, 256, 260, 261, 271, 292, 304, 305, 306, 307, 308, 309, 310, 322, 326, 327, 328, 333, 336, 337, 344, 346, 348, 352, 355, 364, 365, 366, 375, 376, 377, 381, 382, 383, 388, 393, 397, 406, 413, 457, 458, 459, 460, 461, 475, 478, 479, 481, 489, 493, 525, 527, 528, 538, 540, 547, 560, 562, 563, 565, 568, 569, 570, 572, 573, 610, 611, 629, 655, 663, 664, 671, 788, 798, 899, 912, 974, 977, 1076, 1109, 1149, 1154, 1180, 1182, 1200, 1215, 1220, 1222, 1225, 1228, 1235, 1237, 1240, 1241, 1244, 1250, 1251, 1254, 1260, 1261, 1268, 1278, 1281, 1282, 1301, 1302, 1311, 1323, 1324, 1325, 1355, 1364, 1365, 1366, 1382, 1383, 1384, 1385, 1386

Cluster 2:
5, 6, 29, 30, 36, 37, 44, 45, 49, 81, 82, 84, 91, 95, 98, 101, 102, 119, 120, 123, 142, 144, 158, 181, 240, 269, 274, 283, 294, 295, 302, 303, 325, 338, 339, 343, 347, 353, 354, 378, 387, 395, 396, 398, 399, 414, 435, 436, 437, 438, 463, 480, 485, 497, 509, 518, 522, 524, 539, 542, 546, 550, 553, 554, 555, 559, 564, 566, 571, 580, 582, 584, 585, 586, 587, 603, 606, 623, 628, 635, 645, 646, 651, 661, 662, 666, 668, 670, 689, 707, 754, 773, 784, 789, 861, 869, 872, 873, 944, 959, 962, 963, 978, 980, 981, 982, 983, 1002, 1040, 1073, 1096, 1097, 1098, 1099, 1100, 1101, 1104, 1107, 1147, 1159, 1161, 1185, 1191, 1192, 1204, 1207, 1213, 1217, 1226, 1258, 1263, 1279, 1307, 1328, 1348, 1393, 1394, 1395

Cluster 9:
7, 8, 15, 40, 41, 43, 48, 53, 70, 76, 79, 80, 96, 126, 141, 179, 182, 184, 185, 186, 187, 188, 189, 196, 197, 198, 202, 212, 214, 242, 252, 272, 280, 285, 293, 312, 314, 315, 371, 372, 390, 391, 423, 429, 430, 431, 441, 466, 487, 505, 511, 516, 536, 558, 567, 593, 594, 595, 597, 598, 602, 604, 605, 608, 627, 634, 657, 658, 672, 685, 686, 687, 690, 708, 710, 711, 713, 714, 719, 728, 746, 747, 753, 755, 759, 766, 776, 790, 795, 796, 799, 800, 806, 808, 809, 812, 815, 856, 857, 858, 859, 864, 874, 876, 878, 879, 880, 894, 907, 914, 933, 947, 948, 964, 979, 996, 999, 1000, 1001, 1008, 1065, 1066, 1106, 1111, 1142, 1153, 1155, 1205, 1211, 1212, 1214, 1284, 1285, 1287, 1290, 1300, 1306, 1336, 1338, 1353, 1354, 1378, 1381

Cluster 8:
10, 139, 140, 175, 183, 213, 215, 223, 238, 239, 277, 340, 529, 549, 829, 893, 904, 905, 906, 1003, 1004, 1009, 1011, 1033, 1082, 1139, 1199, 1227

Cluster 4:
11, 12, 13, 18, 19, 28, 32, 33, 34, 46, 47, 51, 61, 67, 68, 75, 83, 85, 87, 88, 90, 92, 97, 99, 100, 104, 107, 108, 109, 112, 113, 114, 115, 116, 117, 118, 127, 128, 130, 136, 138, 143, 149, 151, 152, 153, 156, 157, 159, 162, 166, 168, 191, 201, 208, 209, 216, 217, 220, 221, 224, 228, 236, 237, 241, 244, 249, 257, 258, 259, 264, 266, 267, 268, 270, 278, 281, 286, 290, 296, 297, 298, 299, 300, 301, 313, 316, 320, 321, 323, 324, 330, 331, 332, 341, 342, 349, 351, 356, 359, 361, 367, 368, 370, 374, 379, 380, 385, 386, 389, 394, 404, 405, 407, 408, 417, 418, 422, 424, 425, 426, 427, 428, 444, 445, 446, 447, 448, 449, 450, 451, 452, 454, 455, 467, 470, 471, 472, 473, 474, 476, 477, 486, 488, 491, 494, 496, 499, 500, 502, 506, 507, 510, 512, 515, 530, 531, 532, 534, 535, 537, 543, 548, 551, 578, 579, 583, 588, 589, 590, 591, 592, 596, 607, 613, 614, 615, 616, 617, 618, 619, 620, 621, 622, 639, 640, 641, 644, 648, 649, 653, 654, 659, 660, 669, 684, 691, 705, 706, 715, 716, 718, 723, 724, 726, 727, 730, 731, 732, 734, 736, 737, 738, 745, 750, 751, 756, 768, 770, 771, 774, 775, 777, 778, 785, 786, 787, 813, 832, 834, 835, 849, 855, 865, 867, 868, 875, 881, 882, 883, 884, 892, 896, 908, 910, 913, 925, 940, 941, 942, 943, 945, 958, 960, 965, 966, 967, 968, 984, 985, 986, 987, 988, 989, 990, 995, 1041, 1047, 1054, 1055, 1056, 1057, 1061, 1063, 1072, 1078, 1079, 1080, 1081, 1083, 1084, 1085, 1086, 1087, 1088, 1102, 1103, 1110, 1113, 1137, 1138, 1141, 1148, 1150, 1152, 1160, 1181, 1183, 1184, 1190, 1193, 1194, 1196, 1206, 1209, 1210, 1216, 1221, 1224, 1236, 1238, 1242, 1245, 1249, 1253, 1255, 1270, 1273, 1275, 1283, 1288, 1294, 1295, 1297, 1303, 1308, 1321, 1322, 1326, 1327, 1330, 1335, 1346, 1361, 1362, 1368, 1369, 1370, 1371, 1372, 1374, 1375, 1376, 1379, 1388, 1392

Cluster 7:
20, 27, 56, 57, 60, 77, 86, 106, 122, 124, 146, 147, 154, 163, 164, 203, 206, 225, 226, 229, 230, 231, 232, 233, 234, 235, 246, 248, 273, 275, 279, 289, 357, 360, 384, 432, 433, 434, 468, 469, 492, 498, 520, 561, 577, 599, 624, 681, 688, 709, 717, 752, 758, 791, 801, 802, 803, 811, 814, 816, 920, 921, 922, 923, 924, 927, 976, 1005, 1062, 1074, 1075, 1108, 1112, 1124, 1186, 1188, 1197, 1201, 1202, 1218, 1219, 1231, 1239, 1243, 1247, 1256, 1259, 1262, 1266, 1291, 1304, 1305, 1344, 1345, 1347, 1373, 1380

Cluster 6:
25, 35, 38, 58, 64, 65, 69, 93, 110, 132, 160, 161, 167, 169, 170, 171, 178, 190, 193, 253, 262, 263, 265, 276, 291, 317, 318, 319, 329, 334, 335, 345, 358, 369, 373, 401, 402, 403, 410, 411, 415, 421, 439, 456, 482, 483, 490, 495, 501, 504, 508, 517, 523, 533, 541, 552, 556, 557, 574, 575, 576, 609, 625, 626, 630, 656, 665, 667, 757, 804, 805, 807, 810, 903, 939, 949, 975, 998, 1006, 1007, 1010, 1077, 1105, 1114, 1140, 1143, 1151, 1156, 1157, 1158, 1179, 1187, 1189, 1198, 1203, 1208, 1230, 1234, 1248, 1252, 1257, 1264, 1269, 1274, 1276, 1286, 1296, 1298, 1299, 1309, 1310, 1312, 1313, 1314, 1315, 1316, 1317, 1318, 1319, 1356, 1367, 1377, 1389, 1390, 1391

Cluster 5:
31, 66, 195, 392, 400, 412, 419, 462, 581, 642, 647, 720, 729, 733, 735, 739, 740, 741, 742, 743, 744, 760, 761, 762, 763, 764, 765, 767, 769, 817, 818, 819, 820, 821, 822, 823, 824, 825, 826, 827, 828, 830, 831, 833, 836, 837, 838, 839, 840, 841, 842, 843, 844, 845, 846, 847, 848, 850, 851, 852, 853, 854, 862, 863, 866, 870, 871, 885, 886, 887, 888, 889, 890, 891, 897, 898, 915, 926, 928, 929, 930, 931, 932, 934, 935, 936, 937, 938, 950, 951, 952, 953, 954, 955, 956, 957, 1012, 1013, 1014, 1015, 1016, 1017, 1018, 1019, 1020, 1021, 1022, 1023, 1024, 1025, 1026, 1027, 1028, 1029, 1030, 1031, 1032, 1034, 1035, 1036, 1037, 1038, 1039, 1042, 1043, 1044, 1045, 1046, 1048, 1049, 1050, 1051, 1052, 1053, 1058, 1059, 1060, 1067, 1068, 1069, 1070, 1071, 1116, 1117, 1118, 1119, 1120, 1121, 1122, 1123, 1125, 1126, 1127, 1128, 1129, 1130, 1131, 1132, 1133, 1134, 1135, 1136, 1145, 1146, 1171, 1172, 1173, 1174, 1175, 1176, 1177, 1178, 1293, 1357, 1358, 1359, 1360, 1363, 1387, 1396, 1397, 1398, 1399, 1400

Cluster 3:
103, 121, 129, 131, 137, 172, 173, 174, 176, 177, 218, 219, 243, 245, 282, 350, 409, 519, 636, 650, 692, 693, 694, 695, 696, 697, 721, 722, 725, 772, 909, 911, 946, 961, 969, 970, 971, 972, 973, 991, 992, 993, 994, 997, 1093, 1195, 1223, 1232, 1265, 1292, 1349, 1350, 1351, 1352

